# Created by Octave 4.0.0, Fri Jan 05 20:46:25 2018 PKT <umair@umair-ThinkPad-T420>
# name: A
# type: matrix
# rows: 3
# columns: 2
 1 2
 3 4
 5 6


